863553559
790622453
624579490
589346753
1028400640
716961827
954183645
713495744
629056540
699029274
1186041865
1411428666
1448568487
460128315
1020605101
659068828
703075835
441703165
657827063
1478473875
334923748
742155642
807467501
655373188
1078105815
682094107
412199049
1118325153
774114004
631172660
926449328
442394297
631172660
1564275641
333716665
806688374
516600406
1126365751
499426629
1002375680
473195488
892145975
989506319
1115715245
1264441670
728934112
951467576
900665022
1431636883
1511660386
1174983302
900665022
649824687
1038842903
1301623520
1463376813
855628453
1110941434
1457896404
334923748
1534248185
762602419
841281845
719486407
514439674
530090231
324387355
943690225
289699193
666916852
882312414
967860269
514439674
568555194
1206555430
890024752
605597237
1412411362
934200531987083699
987083699
718253182
1030781123
1356019469
562744604
1005749045
1303009881
1377081394
1077115490
793774121
714771397
1449162581
347246291
1397778346
607338516
348417350
1656886853
666605301
781089085
889103441
265290979
972680417
452700474
762777131
421245982
726538766
932584457
1642680440
1538498827
666985087
751925685
1066560434
728903643
289083106
934200531
903342260
490291171
1075461104
823055517
1438964275
1428964275
543462652
559224089
949877052
1165252834
772907721
330935926
1640756103
946761701